dist =  1000000
dist =  1000000
cen_dist =  0.30117
dist =  0.30117
idx =

   1
   0
   0
   0
   0
   0
   0
   0
   0
   0
   0
   0
   0
   0
   0

cen_dist =  1.2576
cen_dist =  1.8315
cen_dist =  1.4951
cen_dist =  0.55781
dist =  1000000
cen_dist =  0.36900
dist =  0.36900
idx =

   1
   1
   0
   0
   0
   0
   0
   0
   0
   0
   0
   0
   0
   0
   0

cen_dist =  1.3254
cen_dist =  1.8993
cen_dist =  1.5629
cen_dist =  0.62564
dist =  1000000
cen_dist =  0.39918
dist =  0.39918
idx =

   1
   1
   1
   0
   0
   0
   0
   0
   0
   0
   0
   0
   0
   0
   0

cen_dist =  0.55727
cen_dist =  1.1311
cen_dist =  0.79476
cen_dist =  0.14254
dist =  0.14254
idx =

   1
   1
   5
   0
   0
   0
   0
   0
   0
   0
   0
   0
   0
   0
   0

dist =  1000000
cen_dist =  1.2971
dist =  1.2971
idx =

   1
   1
   5
   1
   0
   0
   0
   0
   0
   0
   0
   0
   0
   0
   0

cen_dist =  0.34066
dist =  0.34066
idx =

   1
   1
   5
   2
   0
   0
   0
   0
   0
   0
   0
   0
   0
   0
   0

cen_dist =  0.23319
dist =  0.23319
idx =

   1
   1
   5
   3
   0
   0
   0
   0
   0
   0
   0
   0
   0
   0
   0

cen_dist =  0.10316
dist =  0.10316
idx =

   1
   1
   5
   4
   0
   0
   0
   0
   0
   0
   0
   0
   0
   0
   0

cen_dist =  1.0405
dist =  1000000
cen_dist =  1.4992
dist =  1.4992
idx =

   1
   1
   5
   4
   1
   0
   0
   0
   0
   0
   0
   0
   0
   0
   0

cen_dist =  0.54278
dist =  0.54278
idx =

   1
   1
   5
   4
   2
   0
   0
   0
   0
   0
   0
   0
   0
   0
   0

cen_dist =  0.031068
dist =  0.031068
idx =

   1
   1
   5
   4
   3
   0
   0
   0
   0
   0
   0
   0
   0
   0
   0

cen_dist =  0.30528
cen_dist =  1.2426
dist =  1000000
cen_dist =  0.81972
dist =  0.81972
idx =

   1
   1
   5
   4
   3
   1
   0
   0
   0
   0
   0
   0
   0
   0
   0

cen_dist =  0.13673
dist =  0.13673
idx =

   1
   1
   5
   4
   3
   2
   0
   0
   0
   0
   0
   0
   0
   0
   0

cen_dist =  0.71058
cen_dist =  0.37423
cen_dist =  0.56308
dist =  1000000
cen_dist =  0.11668
dist =  0.11668
idx =

   1
   1
   5
   4
   3
   2
   1
   0
   0
   0
   0
   0
   0
   0
   0

cen_dist =  1.0731
cen_dist =  1.6470
cen_dist =  1.3106
cen_dist =  0.37332
dist =  1000000
cen_dist =  0.44906
dist =  0.44906
idx =

   1
   1
   5
   4
   3
   2
   1
   1
   0
   0
   0
   0
   0
   0
   0

cen_dist =  1.4055
cen_dist =  1.9794
cen_dist =  1.6430
cen_dist =  0.70570
dist =  1000000
cen_dist =  0.12818
dist =  0.12818
idx =

   1
   1
   5
   4
   3
   2
   1
   1
   1
   0
   0
   0
   0
   0
   0

cen_dist =  0.82827
cen_dist =  1.4021
cen_dist =  1.0658
cen_dist =  0.12846
dist =  1000000
cen_dist =  1.0843
dist =  1.0843
idx =

   1
   1
   5
   4
   3
   2
   1
   1
   1
   1
   0
   0
   0
   0
   0

cen_dist =  0.12787
dist =  0.12787
idx =

   1
   1
   5
   4
   3
   2
   1
   1
   1
   2
   0
   0
   0
   0
   0

cen_dist =  0.44597
cen_dist =  0.10962
dist =  0.10962
idx =

   1
   1
   5
   4
   3
   2
   1
   1
   1
   4
   0
   0
   0
   0
   0

cen_dist =  0.82768
dist =  1000000
cen_dist =  1.5403
dist =  1.5403
idx =

   1
   1
   5
   4
   3
   2
   1
   1
   1
   4
   1
   0
   0
   0
   0

cen_dist =  0.58384
dist =  0.58384
idx =

   1
   1
   5
   4
   3
   2
   1
   1
   1
   4
   2
   0
   0
   0
   0

cen_dist =  0.0099977
dist =  0.0099977
idx =

   1
   1
   5
   4
   3
   2
   1
   1
   1
   4
   3
   0
   0
   0
   0

cen_dist =  0.34635
cen_dist =  1.2837
dist =  1000000
cen_dist =  1.0769
dist =  1.0769
idx =

   1
   1
   5
   4
   3
   2
   1
   1
   1
   4
   3
   1
   0
   0
   0

cen_dist =  0.12043
dist =  0.12043
idx =

   1
   1
   5
   4
   3
   2
   1
   1
   1
   4
   3
   2
   0
   0
   0

cen_dist =  0.45342
cen_dist =  0.11707
dist =  0.11707
idx =

   1
   1
   5
   4
   3
   2
   1
   1
   1
   4
   3
   4
   0
   0
   0

cen_dist =  0.82024
dist =  1000000
cen_dist =  0.12014
dist =  0.12014
idx =

   1
   1
   5
   4
   3
   2
   1
   1
   1
   4
   3
   4
   1
   0
   0

cen_dist =  0.83631
cen_dist =  1.4102
cen_dist =  1.0738
cen_dist =  0.13650
dist =  1000000
cen_dist =  0.45031
dist =  0.45031
idx =

   1
   1
   5
   4
   3
   2
   1
   1
   1
   4
   3
   4
   1
   1
   0

cen_dist =  1.4068
cen_dist =  1.9806
cen_dist =  1.6443
cen_dist =  0.70695
dist =  1000000
cen_dist =  0.10999
dist =  0.10999
idx =

   1
   1
   5
   4
   3
   2
   1
   1
   1
   4
   3
   4
   1
   1
   1

cen_dist =  1.0664
cen_dist =  1.6403
cen_dist =  1.3039
cen_dist =  0.36663
== 
==                                   Part Name |     Score | Feedback
==                                   --------- |     ----- | --------
==            Find Closest Centroids (k-Means) |   0 /  30 | 
==            Compute Centroid Means (k-Means) |   0 /  30 | 
==                                         PCA |   0 /  20 | 
==                          Project Data (PCA) |   0 /  10 | 
==                          Recover Data (PCA) |   0 /  10 | 
==                                   --------------------------------
==                                             |   0 / 100 | 
== 
